nTasks=30;
nCPUs=10;
rt=[984.1978287888867 3242.4490520304053 4152.941200856821 3853.016989982868 1235.3688869183347 2541.5963878366156 4085.5993536472515 979.0505817403662 3141.9490475640996 2608.230602378548 3114.5293437892524 1842.9117696869646 2342.4727317473325 4702.147032561494 1983.0051593793935 4708.753876785659 962.4029549669917 2872.6612060550824 2159.0038070928867 3879.638773242276 2152.4115515151834 1096.9282341364499 3039.3890880779627 3344.0286033195384 3558.9480917204287 4115.043661676498 2266.5211391116336 528.9391699998062 4452.165321389164 895.3253917844572];
rc=[10000.0 10000.0 10000.0 10000.0 10000.0 10000.0 10000.0 10000.0 10000.0 10000.0];
