nTasks=30;
nCPUs=10;
rt=[3556.834068860472 3617.60145556986 4514.466596802116 4964.288341567366 4959.650617527958 3073.6026080320707 2608.376816806639 1450.5769022524735 1972.618861480869 4723.232356077392 2310.129318067434 4366.578565938405 806.4418819024825 3207.844564817991 1860.951352163695 2340.3021622814213 3965.737690625212 2306.4478577988234 4718.595485394623 1844.0370450599394 4776.086032805841 3374.7061725167864 4551.588087011455 3903.3955654726474 4004.8188695655335 1868.291758257341 1870.647055487082 3235.3582733827598 1529.477305065016 4286.410709146921];
rc=[10000.0 10000.0 10000.0 10000.0 10000.0 10000.0 10000.0 10000.0 10000.0 10000.0];
