nTasks=30;
nCPUs=10;
rt=[3204.3061851862026 1437.9374521051784 1271.379976126976 3685.4778877727244 1411.7482541875288 1036.0999700421098 4393.823577110254 3110.5067998336735 3381.5372055234857 1257.7890038402816 776.6425883904053 2949.8242756882755 3769.2688310749536 2892.393221939846 1345.5121649814778 1080.6143579413074 4153.370750958783 4702.088244715299 1126.678399459111 767.1807668757157 3054.67052921397 3977.4627729739886 1470.6568362835696 755.2759510224839 3035.7012262592693 944.6944008740008 1664.218439864747 4554.2578495400285 2310.82020780987 2021.6752641289665];
rc=[10000.0 10000.0 10000.0 10000.0 10000.0 10000.0 10000.0 10000.0 10000.0 10000.0];
