nTasks=30;
nCPUs=10;
rt=[3888.2993427784613 3391.0401917091176 4118.279952441776 2882.5579477862434 1740.2726924742049 3941.8873483673915 1530.0615706740602 2693.337966288957 1808.9509781484007 3867.110351349119 2291.4626027544064 2156.4317066153462 1302.0619416114264 3962.6430738958616 2361.262016547816 3674.6313327757566 689.2322479885555 2430.419530583934 4448.739933544826 3260.0619499753625 3242.756894344413 3060.341684377849 1372.5880547800534 4749.0018235212965 2381.678847410535 3883.581841670687 2956.1557807593917 2743.3465080849624 4793.062263467788 4567.288512236155];
rc=[10000.0 10000.0 10000.0 10000.0 10000.0 10000.0 10000.0 10000.0 10000.0 10000.0];
