nTasks=30;
nCPUs=10;
rt=[541.9483481064916 3260.231483114357 4540.266423154345 3032.4423464493275 1210.7882520554836 1172.655693691721 3809.761526382737 1607.27233465071 603.8303163645897 1325.8028202483013 2370.2746348241026 1145.8825329332653 1178.8914778554936 570.9958853300008 4762.418663732306 3607.008427165952 1113.3229512941466 3026.9362584433266 3991.026020664304 1488.2736952627192 2510.0694037550315 3293.2958808687013 2983.57604381173 4508.335644920277 2375.045551920792 1188.0478864556062 2900.332972899524 4440.352712044258 3326.1957278837285 1931.1132534182063];
rc=[10000.0 10000.0 10000.0 10000.0 10000.0 10000.0 10000.0 10000.0 10000.0 10000.0];
