nTasks=30;
nCPUs=10;
rt=[2580.307474688029 4927.754346566281 1659.2868549485165 4753.262108928194 2342.686009561074 3046.3470552282483 4625.532853578322 4208.605301560688 1787.4249833003287 3155.933502177495 4868.254956995043 3741.11879657066 1916.1700054690916 1193.2862249547766 1088.4439585499824 774.1137499154598 963.7019313765239 3464.3359212534424 4699.662539857364 3802.062134739977 1354.166162669575 1012.64032675709 4736.153101084829 3665.548709043323 4407.451072840786 4302.555133418013 2455.7455197267104 1557.9151537013938 2369.1329924261127 3966.466235674889];
rc=[10000.0 10000.0 10000.0 10000.0 10000.0 10000.0 10000.0 10000.0 10000.0 10000.0];
