nTasks=30;
nCPUs=10;
rt=[2976.1528170594534 4127.63537003982 716.0137204842365 771.1576149609151 3705.0749194412956 3584.455364710965 1029.3003457539658 756.4167730267056 2417.3599133136076 568.8679403101634 4348.62268317943 4985.729625078477 3174.817429237385 568.7505209018489 1812.7912267417419 3838.911541252786 3961.6086322341816 3210.574082039911 3401.9502629124386 518.874635528284 4684.654210658914 2727.4130246984373 3113.0420205447595 692.7347019609367 2751.1153965631015 1002.3519265985724 3648.353823190355 3549.779135451858 4832.560741054604 911.5244712901347];
rc=[10000.0 10000.0 10000.0 10000.0 10000.0 10000.0 10000.0 10000.0 10000.0 10000.0];
