nTasks=30;
nCPUs=10;
rt=[3942.864872534201 3863.6283989810527 913.2900748732359 2432.8641147520193 4848.993844069498 2957.829477691723 4568.122039946409 1324.2169429608991 4934.803478704271 2108.2944455971765 4732.502853922864 1327.278627406115 704.4601400428863 3269.606988662009 3306.072379548889 859.8395360668449 3754.8133871916734 801.5512660102552 2480.7358674523784 2374.8123039535003 4957.399477546863 623.2230078478461 4845.08677466104 3017.30204146225 3442.32089859866 2635.6193089336675 4645.326831983457 1645.24381801911 2398.6151591785724 4133.95998945984];
rc=[10000.0 10000.0 10000.0 10000.0 10000.0 10000.0 10000.0 10000.0 10000.0 10000.0];
