nTasks=30;
nCPUs=10;
rt=[3981.614061136648 1124.7628246640747 2755.350481324003 4771.0685023481465 4571.307072959169 1318.0285780016193 4892.80358136193 903.4886847089743 665.5644811242456 4754.066919573996 4786.872653887093 2770.0596613063444 3856.6653680733116 2499.8746290866757 4978.546671748766 3636.861772037035 1548.565309548731 3232.7828365340993 2757.047991448234 4403.097289405836 1249.1406733466974 2107.9209155309054 2027.3966729327626 4576.3162779073955 1592.6485443231722 627.0080009205512 3900.6129683179943 2941.977247005927 1063.258005232917 685.2924781271068];
rc=[10000.0 10000.0 10000.0 10000.0 10000.0 10000.0 10000.0 10000.0 10000.0 10000.0];
