nTasks=30;
nCPUs=10;
rt=[1763.71689367384 4826.231632369736 2213.31888184264 4700.405969873673 3839.7556697395157 1976.270675363852 2353.195322450665 1757.284472366362 1368.3731106311945 1304.4918249055263 3741.221927503413 4478.629525398693 1232.0983287657114 4464.638155460846 832.8774105345519 2659.245464404829 3383.472356285992 1782.992030229104 1781.2944443348479 4953.992476803538 2387.1960844820005 3291.710908931 3457.872926805718 1062.19565288632 540.2850841845889 3515.8534945427014 4575.422854897519 2824.455854183635 3689.907471807847 1640.6841276977339];
rc=[10000.0 10000.0 10000.0 10000.0 10000.0 10000.0 10000.0 10000.0 10000.0 10000.0];
